ln 73
-53 36 52 124 -75 -146 -135 116 35 58 -137 85 1 95 77 7 -26 -10 19 -56 102 -85 70 14 -15 92 90 -59 -140 137 -116 -66 -39 -57 -125 88 17 -129 -134 -32 -78 104 -37 -86 3 60 120 -19 5 79 -115 145 -31 24 -100 32 138 -91 132 0 109 -30 65 -58 62 96 -149 -126 -68 125 -60 112 69
7JtWOMvGjL DKKW xOk2kv rQjGY05yq wbnKMSTyHf SvhssfkBS fgdpkM6VQV HCQ RXgDV dsULsa m2x2afRydh 9oYC6ecy7P YcP3CUfr qq LCtQMLHD LsbW xU1BSI u1 R3AATX8P98 Y W E2c9ASaXim T0c HvwdUwF f6T4 9cjrTI2QjH mRzPkKqQ adHuT AnEqJWPtRm tLPZKz 0u m9LXw78k QJXHqN UOw1I0tPK6 dQ 1XRd zFRrS00b1 w22aO ZMvQpNLb KhfHSNW9T TdpO04Y QSb 22FU E W2uaG WeSthwOg d4I QpKtJ dxB6ER 17w9Sqgiu L JvYbo iB SsH2Ktb0n BqZb8ab 3ArotIHjk AxfWLSMRf8 lMU EGViFrt yHxGfoBL Md3POKz19Y ZvEwO4X6 ilDn6KFxy 4vu5pVWLz 1 lsj7K ETsJtQh PXkMfGzA KlK7 xDB4Prl AK8B WZah RMOcPM2fY
197 11 35 162 9 12 176 171 19 68 132 42 75 75 79 187 9 128 50 147 106 146 196 117 198 15 105 171 74 177 98 126 49 74 196 20 175 146 74 149 144 102 32 124 188 115 82 100 100 102 111 130 14 105 107 7 31 104 168 69 134 23 48 87 30 22 160 46 10 166 131 133 16
93
123 106
90 132 91
128 150 82 186
91 179 106 24 72
25 160 14 27 36 179
57 151 47 154 138 160 69
106 134 33 184 61 198 66 153
25 125 89 157 24 138 176 170 137
190 144 105 187 43 123 67 128 168 62
80 25 150 139 156 14 87 29 196 30 151
177 83 10 30 121 132 55 100 144 22 83 169
15 72 35 160 128 125 154 130 76 180 128 105 116
184 120 137 3 186 53 129 114 185 123 111 135 185 13
15 174 164 78 49 70 143 119 53 183 182 50 71 157 100
88 152 51 121 55 36 22 90 115 119 115 187 105 3 60 95
22 67 97 140 95 178 16 68 142 132 109 29 61 158 182 103 156
194 173 25 177 111 117 179 12 100 15 193 54 27 30 88 76 72 142
51 108 97 176 65 137 42 179 67 46 112 80 119 104 195 24 66 81 88
38 13 117 83 35 170 50 46 94 198 61 77 186 141 190 44 53 179 122 97
56 129 171 54 86 121 150 91 124 16 8 191 47 179 14 158 180 137 27 93 189
48 105 135 106 179 57 40 137 140 9 28 23 38 37 21 119 128 141 177 107 159 102
75 155 76 94 110 126 28 189 129 179 143 115 48 87 132 44 192 137 191 114 141 103 93
125 31 79 181 90 76 143 149 117 18 0 46 185 163 194 175 174 19 99 142 78 186 150 184
61 197 114 24 132 192 157 77 106 193 92 179 174 75 49 86 31 13 117 25 176 70 81 172 0
53 91 114 135 185 44 35 158 179 190 123 6 98 82 199 94 195 27 14 145 140 166 139 119 2 76
83 21 126 19 124 109 100 12 192 54 150 71 80 45 12 73 86 169 86 4 102 194 86 110 174 24 122
42 16 122 82 189 96 0 108 13 48 70 19 3 76 153 140 48 95 16 193 153 170 169 157 6 141 39 56
95 132 30 68 20 162 61 56 22 182 162 115 93 1 104 89 61 41 187 172 32 145 19 73 126 77 176 87 115
34 42 195 128 178 198 36 145 97 52 27 25 19 95 59 125 108 42 192 129 173 130 54 89 84 110 55 84 49 50
113 79 107 34 132 148 181 114 176 106 1 66 57 142 7 72 6 127 53 22 101 4 68 89 68 134 53 173 86 20 45
137 133 189 80 31 101 61 106 154 122 123 143 78 23 37 126 103 183 50 29 62 107 107 76 149 103 119 88 9 18 32 97
136 156 185 200 16 37 31 157 51 40 85 51 158 23 188 166 84 92 41 86 153 195 49 67 161 3 22 138 169 131 88 10 70
160 176 124 84 199 26 160 129 135 97 172 147 20 41 135 71 30 171 20 106 132 35 187 168 130 190 29 187 77 105 177 73 119 82
23 117 155 33 0 172 164 75 134 70 194 102 100 3 46 82 17 55 113 40 98 70 128 47 1 37 37 163 143 149 129 74 30 29 65
134 145 45 122 194 42 91 158 149 145 10 120 69 153 10 114 172 97 4 111 76 190 28 158 53 40 174 166 142 24 132 99 182 111 101 199
107 135 114 61 106 116 65 170 136 192 119 92 140 84 88 144 64 165 131 102 153 53 141 159 48 103 192 145 24 41 54 195 45 180 93 127 105
98 197 83 44 57 161 77 95 197 161 172 178 109 43 155 85 4 88 77 71 192 192 38 43 66 99 59 86 67 140 42 66 82 193 145 90 144 162
197 94 177 63 32 80 174 16 93 85 78 9 190 48 162 32 59 100 184 175 173 79 103 200 28 25 57 96 50 48 28 90 180 125 37 104 23 40 84
187 110 56 183 23 31 18 160 158 174 91 42 118 152 154 177 134 83 165 196 112 79 73 0 166 191 182 100 175 10 81 16 46 0 65 128 59 170 95 79
187 187 160 74 68 59 51 101 80 182 111 15 139 71 200 81 136 126 64 193 56 10 99 138 178 34 115 131 46 22 90 152 112 177 170 2 9 28 190 134 108
133 83 114 180 129 36 170 25 30 195 127 49 186 4 131 119 93 156 101 156 90 125 22 182 46 44 83 17 140 108 60 63 74 110 138 169 15 78 133 142 74 87
89 128 170 170 42 18 53 21 44 178 182 57 179 34 137 142 34 160 162 197 192 158 28 177 109 14 176 188 132 102 152 66 175 127 89 77 120 54 31 197 0 153 9
180 86 34 117 148 42 185 149 125 19 36 63 61 73 172 30 186 121 164 147 145 176 36 99 136 194 51 39 47 74 165 95 155 187 140 83 40 188 124 50 199 173 5 118
152 154 174 105 125 135 70 58 19 162 102 113 150 99 89 8 56 166 186 124 84 148 168 119 62 62 6 103 105 131 141 117 65 187 99 18 140 135 53 181 147 78 153 156 141
20 86 46 163 25 4 187 9 76 33 180 75 180 153 173 140 200 44 79 193 131 49 193 75 95 196 129 115 166 109 183 176 87 160 195 49 112 68 181 110 197 15 67 149 162 198
72 175 193 13 17 185 42 70 20 55 57 91 48 155 62 94 92 140 192 19 20 109 103 182 50 181 177 109 1 155 1 33 50 71 115 33 39 173 101 102 4 15 132 80 136 88 67
196 156 131 161 119 159 47 140 180 158 189 166 94 181 133 170 63 68 119 147 193 15 117 84 169 9 121 144 56 115 131 199 81 27 104 65 84 31 59 135 67 10 43 100 37 121 80 167
109 32 15 168 86 186 0 84 189 43 138 130 112 27 132 10 72 140 60 107 22 1 10 62 136 25 149 96 186 133 192 12 103 142 126 33 41 18 84 177 80 48 4 112 42 195 30 89 93
108 80 157 74 88 87 24 29 169 93 183 50 101 84 149 153 13 58 73 53 175 105 65 193 183 34 89 73 171 117 109 181 161 18 99 194 153 42 108 38 153 159 54 134 93 122 15 125 176 53
44 174 151 40 66 184 131 54 73 162 79 183 154 75 132 100 172 111 181 54 11 156 77 84 154 80 102 21 197 115 200 125 15 23 195 10 179 58 148 161 61 135 200 19 116 90 108 42 128 33 17
120 13 121 181 105 105 189 188 19 141 160 80 84 178 168 124 38 172 70 91 46 38 169 30 43 86 29 26 157 91 13 63 60 62 80 177 55 48 181 181 192 128 81 87 166 166 74 134 126 109 105 33
149 118 27 53 37 50 53 127 183 133 36 44 51 118 29 96 115 49 171 179 167 26 193 33 161 65 199 17 154 18 37 37 123 198 200 116 0 0 8 66 177 106 46 141 18 27 197 68 8 19 177 137 59
36 27 19 7 148 91 78 82 151 144 28 156 187 129 92 16 187 121 115 78 79 57 134 132 79 42 7 194 107 142 45 186 181 2 11 137 93 182 171 99 53 131 51 166 24 96 75 129 58 118 74 84 105 6
68 153 128 29 157 167 111 32 182 5 115 147 169 186 191 106 99 38 87 95 97 110 175 182 97 56 47 15 192 200 107 74 82 129 43 105 154 141 171 148 17 146 130 120 174 133 144 128 134 126 118 49 50 190 161
24 54 101 28 30 186 150 58 169 23 14 162 113 178 140 21 28 163 113 31 76 151 19 111 19 171 85 106 76 45 142 46 49 156 128 24 183 133 33 141 19 135 124 186 56 154 60 46 24 12 129 3 192 137 41 27
4 198 82 57 13 163 198 28 14 42 97 200 124 124 120 137 8 3 200 167 34 198 169 137 132 180 17 25 85 136 26 184 134 157 172 145 152 102 56 190 165 10 155 76 82 180 68 21 45 15 186 60 173 105 183 66 169
33 99 171 95 6 58 8 163 0 4 126 200 5 129 126 163 37 121 64 109 151 99 115 147 60 71 153 120 167 145 58 22 127 145 198 160 57 145 138 148 36 188 90 190 143 119 20 167 81 102 60 124 15 196 137 151 65 91
110 58 171 112 12 101 130 33 117 42 65 195 60 84 112 138 98 129 179 142 102 178 145 94 34 96 10 129 142 192 143 167 62 175 109 126 165 164 148 43 137 87 140 27 156 102 27 33 167 67 144 127 9 198 4 195 72 114 177
177 142 30 149 162 26 85 117 11 176 53 149 46 25 140 194 58 23 74 80 173 73 171 174 41 194 18 162 109 49 10 118 141 164 160 120 59 160 191 65 99 77 175 47 3 106 111 164 180 13 72 126 69 158 6 196 135 102 99 149
199 58 18 123 16 145 118 18 18 20 8 59 41 148 99 165 145 146 11 44 60 142 24 118 29 140 111 38 40 124 156 10 55 77 58 133 106 39 5 151 126 47 42 79 21 93 104 135 79 187 9 36 10 182 14 93 62 107 82 6 44
20 98 184 65 71 86 0 108 133 75 107 137 194 100 97 9 76 78 172 155 78 147 33 29 179 96 85 27 160 174 98 122 190 135 113 10 150 50 118 20 181 177 119 65 7 142 71 181 109 1 118 185 78 44 24 83 81 200 154 7 83 28
79 85 136 166 185 48 199 11 4 32 67 193 81 143 13 17 63 151 14 29 45 185 134 186 187 172 93 82 51 156 68 88 56 39 74 136 159 69 101 93 71 181 162 133 179 66 53 179 39 138 197 165 62 126 138 192 191 104 109 14 185 196 25
92 68 66 104 24 192 39 189 75 27 196 63 117 54 53 129 0 163 174 25 89 58 63 121 79 158 100 46 17 79 21 200 129 144 127 66 184 128 155 50 31 169 96 79 154 56 123 28 2 64 25 121 77 119 162 15 61 193 1 64 102 150 24 97
176 41 192 37 160 164 37 40 153 137 78 189 2 76 109 112 17 65 55 87 33 125 100 14 130 192 192 47 172 109 63 95 185 91 50 29 61 161 9 89 32 13 27 132 109 200 153 97 44 46 10 184 14 24 22 31 48 120 43 64 111 105 24 52 39
88 105 10 49 173 181 37 20 183 181 192 177 138 68 162 147 59 166 70 72 29 81 183 23 48 150 170 188 79 28 32 13 46 173 118 157 184 116 47 182 143 63 135 103 143 131 109 15 69 181 173 144 134 139 111 190 125 163 165 143 165 188 18 164 105 140
172 22 23 3 5 152 33 81 21 143 165 174 154 75 14 73 112 181 19 38 71 160 26 187 27 169 53 140 53 76 138 50 162 85 184 169 167 116 23 86 111 194 45 22 89 155 84 144 130 111 181 197 76 106 24 70 139 146 58 59 6 25 148 61 158 59 42
5 142 137 100 38 173 7 62 22 103 162 152 97 193 70 138 81 60 71 113 25 165 71 74 155 48 102 100 187 114 66 60 119 25 28 17 41 106 130 155 84 199 67 200 6 31 50 41 100 121 115 132 161 63 161 100 185 33 119 154 197 196 143 58 110 193 98 49
138 97 170 140 95 127 79 107 157 159 90 96 174 120 194 163 13 59 26 129 167 190 185 33 194 106 118 74 114 187 144 170 69 61 161 33 109 165 132 159 14 80 1 136 34 18 54 178 50 169 42 141 56 162 102 20 66 51 176 100 122 86 56 110 151 17 92 31 137
79 124 95 85 183 58 59 52 76 174 197 47 101 67 41 103 167 185 128 158 176 92 132 49 151 57 180 121 54 134 115 39 81 17 162 72 142 55 10 17 176 26 143 94 20 95 181 185 197 137 189 84 182 110 46 173 140 102 86 19 18 2 27 6 56 140 100 18 60 87
47 93 94 136 156 15 102 19 70 96 159 103 90 168 145 176 70 176 181 42 87 163 89 35 47 104 130 149 126 13 108 180 65 175 20 69 35 51 163 62 150 8 37 131 42 60 101 51 126 134 53 159 21 138 158 175 139 49 167 193 55 115 87 56 24 157 112 1 125 185 143
29 11 76 161 49 82 173 179 3 109 60 175 22 91 48 132 82 30 148 40 119 11 53 55 147 14 21 147 14 15 189 9 100 197 66 149 124 91 141 68 122 120 147 121 168 137 154 9 115 192 22 63 88 179 199 130 73 39 87 198 106 192 84 18 77 43 12 94 76 35 133 143
qcs
qcs
qcs
qts
qcs
qcs
ap 94 Idk16tdv 137
qcs
ap -65 w8bJ7Z9oUO 148
qsp 94 94
qcs
qci -65 -65
qsp -65 -65
qra 94
qcs
qsp 94 94
at 94 -62
qtvs 94 -62
qci 94 94
at 94 5
qts
ar 94 -65 138
qtvs 94 -62
coa 94 5 Qdew80KP
mr -65 94 82
qbc 5
qbc 5
doa 94 5
at -65 -3
ap -103 iJmaEX7F 77
coa -103 47 I9H8CE2g
qci -65 94
qtvs 94 -62
qba 94
qba 94
qsp -103 -103
doa -103 47
coa 94 -71 JoCf
qcs
ap -113 et4D5uc2 68
at 94 -137
qv 94 -65
coa -65 84 59WV
qsp -103 -103
qcs
mr 94 -65 118
qtvs 94 -137
foa -113 -71
at -113 115
ap -45 5gs9qKl 187
qsp -45 -45
qba -65
ar -103 94 59
coa -103 -99 upwo
foa -113 84
foa -113 -99
qra -103
qtav -65 -3
ca -113 84 26 4NB
da -45 84 26
at -65 -13
at 94 36
mr -83 -113 63
ar 94 -103 197
qts
coa -113 127 L7tNqPq0
ar -113 -45 5
foa -82 84
att -45 -65 -13
at -113 115
ca -65 84 26 Avxnjg
ar 18 -45 77
ca -103 -61 -54 HnRGbOhOt
doa 94 -71
qv -113 -45
ca -65 84 -1 NQxx
da -65 50 26
foa -45 -99
dt -113 115
ap -51 y6lZqgCcY8 185
qv -51 -121
doa -103 127
dt -65 -13
att 94 -103 103
ca -113 127 7 gIPPk7KfE
att -113 43 -114
ca 94 84 -59 e0Iv1quIq
qtav 24 -130
dft -103 94 -62
ca -113 127 112 dzPEg3YlL
att 98 -103 58
qbc -29
dft -65 94 143
qtav 94 104
qci -39 -65
ar -113 -65 127
dt -65 -3
da -113 127 7
ap 90 Ns8y4Z 23
qci -51 -45
coa -113 2 w
da -113 127 112
doa -103 -99
qsp -51 -51
ca -113 2 125 TifaGCrF
coa -45 72 HYPbwnXf
da -65 84 -1
qcs
ar 90 -113 159
dt 94 36
at 94 -108
qv -65 -113
qts
qci -65 -65
doa -113 2
foa -103 72
qsp -103 -45
at -113 2
ap -34 4Gq 194
qtav -113 2
qtav -113 2
ap 131 8 170
qsp -51 -51
foa -51 72
qcs
qtvs 94 -62
da -65 84 26
qts
qtvs -113 2
qci -65 -65
qcs
qtvs -113 2
qra 131
qra -103
qsp -103 -65
qcs
att -65 -113 2
doa -65 84
att -65 -113 2
foa -103 72
dt -34 107
ca -107 127 126 yf0
qtvs -35 3
foa -113 -55
qra -78
qsp -65 -126
qv 93 -34
qtvs 94 5
qsp 90 94
ca -113 127 -112 rYEuMBBd
qba -34
ap -34 msW 199
ar -103 -113 130
doa -113 10
dft 25 -34 -98
da -106 72 -112
coa 131 -79 uPTpfmU12N
qsp -103 -45
doa 106 127
at 77 -16
da -113 127 -112
mr 94 -7 -125
qba 140
qsp -34 -45
qra 90
at 90 133
coa -32 -47 K7nSj
qsp -51 -51
qtvs -113 142
qsp 94 -113
coa -65 130 mn
qsp 92 90
dt 90 133
qtav -113 2
mr -45 -103 -2
qv 90 -45
da -113 127 125
dt -38 -83
att -51 -51 6
qtav -113 2
coa -65 -79 V8qXo0sV
dft -103 -144 90
mr 90 90 -149
ar -45 10 1
qtav -113 2
qci -51 95
ca -113 127 52 1Mnv
qv 94 -103
doa -113 127
ca -51 72 -117 NIjHfVD
qtvs -113 2
dt 94 5
qcs
dft -65 -113 2
qtvs -113 2
da -45 72 -117
qts
qbc 72
qci 131 -113
ar -34 94 85
foa -103 130
qv 94 -103
qba 94
foa -113 72
foa 131 72
qsp -45 -103
mr -65 -113 -160
qtav 94 -62
qra -113
mr -113 -45 22
coa 90 -119 ht73D
qtvs -113 2
ca -45 72 -48 IflB6S
qsp 94 94
qsp 90 94
coa -34 -78 sZyOZZJy
mr -34 94 -122
qci 90 -34
ca -65 130 75 aeGRvqG
ar 94 -45 170
qv -45 -113
att -103 94 -62
ap 10 p 24
qv -113 90
qsp 90 -103
coa -113 -100 S6YVv
mr 90 -113 -45
da -45 72 -48
ca -113 72 -99 xYTpmBVdX
qtav 94 -137
qtvs -113 2
doa 131 -79
att -103 94 -108
qtav 94 -108
qtav 94 -137
dft -103 94 -62
qci 131 -34
coa -51 114 gm
qcs
qtvs -113 2
doa -65 130
at 90 -22
ca -113 -100 128 nu4crIqy0
qra 10
qcs
foa -65 72
ca -34 -78 -91 AdyvPyMNR
qtvs -113 2
qbc 72
da -34 -78 -91
qra -51
foa 10 114
qv -45 -113
qtvs -113 2
qtvs 94 -137
qv -113 90
mr 94 -65 54
qtvs -113 2
qtvs -113 2
att -103 94 -62
mr -113 90 -125
ap 118 4aePoPQCS 66
qra -113
qtav 94 -137
qba -45
att -65 94 -108
qcs
qtvs 90 -22
qsp 94 -103
qv -103 94
qtav -113 2
qbc -78
at -51 -23
qci -34 90
att -45 94 -108
qv 94 -65
qv -65 94
da -113 -100 128
qtvs 90 -22
qtav 94 -62
qra 94
qv -45 94
qra -45
qra -103
qts
qtav 90 -22
qtvs -113 2
ar -113 90 41
at 94 -111
ca -34 -78 -18 lg9
ca -34 -78 -96 0NOM9
qsp 90 90
qsp -45 -113
qcs
ar -51 94 13
ap 126 vA2cN 134
dt -113 2
qtav 90 -22
ar 131 94 75
att -113 90 -22
ca -103 72 -148 B
qcs
at -51 -87
qci -103 131
qra 10
ca -113 -100 67 SLQ2230
qsp 126 126
qbc -100
coa -113 -96 HFIA51trK
qci -34 94
qba -113
qra -113
dft -113 90 -22
qci -45 131
qtvs 94 -108
foa -51 -78
ap -93 9ffANw 143
qv -113 -45
ap -114 N 193
mr -113 -103 74
qci 90 94
qv -103 -113
qtvs 90 -22
mr 90 -113 -162
ar -65 -103 5
qbc -96
qbc -96
qtav 90 -22
ca -51 114 -29 rnIyh9F53g
qsp 131 -45
coa 131 50 tNClDePMsG
att -45 94 -137
ar 118 -93 38
qv 94 -65
qci 90 -45
qra 118
coa -45 61 1O7h3c34
ar 94 126 187
att 131 94 -62
coa -93 -115 Ppd
ca -65 72 -112 9bPH
qv 126 94
coa -45 -123 pP
qtav 90 -22
qci 131 -51
ar -93 131 51
qcs
foa -103 114
qci -51 126
ap -32 wUdPbBNk 152
qtav -51 -87
qtvs 94 -137
att 126 94 -137
qcs
qtvs 90 -22
doa -113 -100
qtav 94 -111
att -51 94 -108
foa -65 61
qtav 94 -108
qci 10 -34
ar 126 -113 134
dft -45 94 -108
ca -103 114 -98 kOu9
qts
qsp -51 94
at 126 30
qci -51 131
qbc -123
dt -51 -23
ap 133 qDaYCAX 101
ap -22 D4YblOM96x 172
coa -113 28 KPCDhr4m
qbc 61
att -51 94 -111
mr 131 -93 -120
ap 35 9vHkOpN9y 142
qci -51 90
at 133 20
da -34 -78 -96
qtav -51 -87
qtav 90 -22
qba 94
ap 60 lJ 17
qba 126
doa -45 72
qci 126 -22
att -51 94 -62
qbc -119
qci 126 -22
qcs
mr 94 -65 -60
dt 90 -22
qba -103
qsp 94 -45
qv 94 -45
ca -113 28 49 WzWu8Ffqaf
da -34 -78 -18
qra 90
at 126 -148
da -113 28 49
qsp -114 -114
foa 131 114
qsp 118 118
ca -45 61 34 Uu
dft 131 94 -62
qtav 133 20
qbc 50
at 131 -35
ca -113 -96 25 KO6B
qsp -65 -103
qba 118
doa -93 -115
ar -103 -51 51
mr 94 -65 155
foa 10 -119
doa -113 -96
qts
qtvs 126 30
qbc -78
qba -113
at 94 74
att 94 -51 -87
qci -45 126
ar 118 -34 26
att -51 94 -137
qtav -51 -87
mr -103 -113 30
qts
ap 31 CGU6UP 197
ap 116 cqd 2
coa 60 -87 fEzlQx
da -45 61 34
qba 126
qv 118 -93
qra 131
qv 94 -65
att -45 94 -62
qts
ar 60 -113 192
ap -71 LGoo 191
da -51 114 -29
qtvs 94 -62
ca 131 114 31 iId3pRE1Bq
qra 90
dft -51 94 -62
at 126 -26
ar 35 31 196
foa -32 -87
mr -103 -113 -197
qba -65
ar 31 94 64
da -51 114 31
ap -138 UrEiHm4 130
ar 116 -65 59
ar 126 90 8
att 90 126 -26
coa -51 2 imNM0gVl
qra 126
qtvs -51 -87
ar -138 94 120
foa 94 28
qci 126 94
coa -113 -37 1
at -114 -56
dft -45 94 -137
da -51 114 -98
qcs
mr 94 31 112
at 31 -8
qtvs 133 20
qbc 50
qra 133
qcs
qsp -114 -114
qra -34
ar 131 60 185
qtvs 126 -26
at -71 -66
doa -113 -37
qtvs -114 -56
foa -103 -119
dt -51 -87
qcs
coa 118 139 pkJ
qra 10
qbc -78
qci -71 -45
qra -103
att 131 94 -108
att 126 94 -111
at 90 -93
coa -71 -20 Fig
qts
qsp -51 90
ca 60 -87 -121 60
doa 118 139
ca 131 50 87 l
dt 90 -93
qsp 116 -103
qbc 114
qcs
ca -45 -123 -47 iiHjNzGU
qcs
qv 118 -93
foa -32 61
qcs
qv -103 -113
dft 126 94 -111
coa -32 -61 jzzv
ca -34 -78 105 nNtL4s
doa -113 28
mr -51 94 96
qci 116 -45
qtvs 31 -8
qcs
da -45 -123 -47
qbc 61
qbc -87
qtvs 94 -137
qsp 10 10
qci 116 35
ar 118 -45 175
ca -71 -20 55 5pMidbq
qsp 126 31
ca -51 2 74 MyXDId
qbc 114
qcs
qsp 126 -103
qba -34
mr -51 94 153
ar 131 118 199
ar -45 60 41
ap -112 mZM 135
ar 90 118 175
at 31 32
da 131 50 87
qv -51 -103
ap 128 ATWA 50
qci -32 131
at 116 0
qtvs 131 -35
ap 15 v0IRzGTofq 34
ar -93 -71 87
qbc 50
qtvs 133 20
qra 90
qra 116
foa -113 -123
qtav 131 -35
da -34 -78 105
da -51 2 74
qtav 133 20
ar 90 -51 196
qba 90
at 118 -114
coa -34 -106 Gb
qv 131 118
att 126 94 -62
qsp -114 -114
at 31 86
ar 60 10 102
qtvs 118 -114
at 10 72
da 60 -87 -121
qbc 50
qra -103
doa 90 -119
qba 31
att 94 31 86
ap 3 v 186
qtav 31 -8
qci -32 -138
qcs
qtvs 31 86
ap -133 ViRH6 188
qtav 131 -35
qv 94 -138
da -71 -20 55
ar -65 -93 53
qba -45
qci -34 15
qtav 116 0
qba 126
at 90 63
qci 60 -138
qci 131 131
dt 31 86
dt 94 -108
doa 131 50
at -93 -131
foa -65 -123
qsp 94 60
ar -93 133 132
at -112 82
coa 3 64 dKF
att 35 31 32
ca 60 -87 35 STBO
att -93 118 -114
dft 126 94 -137
doa 60 -87
qba 118
qcs
dft 35 31 32
ap 53 7fQieao 76
qci 53 -71
mr 94 -138 6
coa -34 -9 SdUqUVJ6EL
qsp 128 128
ca -34 -106 121 CKR4f
ar 90 -112 116
qtav 90 63
ca -34 -9 137 XYu83
dft -103 94 -62
qtvs 131 -35
qci 60 15
ar 35 -51 129
qtvs -71 -66
att 90 126 30
qtav 94 -111
qcs
ap -140 NzGnnjBSU 39
doa -51 114
qtvs -93 -131
qci -133 128
qra -51
ca -34 -9 -137 vNuOr
dt 126 30
att -138 94 -62
att -65 94 74
att -93 -71 -66
qtvs 10 72
at 53 -144
dft -138 94 -62
at -32 38
doa -71 -20
dt 31 -8
qcs
att -113 126 -26
dft 126 94 -62
at 133 -145
qv 10 60
dt -114 -56
qcs
da -34 -9 137
qcs
ar 118 -140 151
qsp 126 -140
qcs
qcs
dft -65 94 74
dft -93 -71 -66
qbc 2
coa -34 -92 Jh9uTi
ca -32 -61 112 iXBt
qci 90 -65
qra -71
dt -32 38
qcs
ap 65 bPLv4Nynv 24
coa 60 83 yTdZ
dft -113 126 -26
ap 92 JKl 102
qsp -138 116
qbc -106
att 131 118 -114
da -32 -61 112
ap -86 60E1 143
qtvs 90 63
dft -93 118 -114
qba 126
ap 97 TguZDkq 108
at -86 118
coa 65 -128 G
foa 97 2
coa -32 -25 3k
qsp -140 90
doa -51 2
ar 94 -112 33
at 65 54
mr -45 118 14
qv 118 90
da -34 -9 -137
ap -8 0v90fU1 6
ap 56 bpPZRhB8Ho 82
dt 53 -144
ca 3 64 -103 fEDY65M
ar 53 -51 148
coa 10 -100 aiSs2E
qtvs 90 63
mr 10 60 -118
foa 35 -9
ar -32 15 18
at -103 140
att -138 94 -111
ar -34 -138 155
mr -51 90 -122
qtav -86 118
qtvs 116 0
qtvs 118 -114
att -65 94 -137
qcs
dft -138 94 -111
qci -140 31
qba 90
qtvs -86 118
dft -51 94 -111
qtvs 131 -35
qcs
mr 94 -65 -63
ap -127 Xty4JUxN 25
da 3 64 -103
dt -86 118
ar 97 131 73
qv 60 -45
at 128 106
ar 92 -103 38
qsp -133 -133
att 94 131 -35
da -34 -106 121
qbc -128
mr 131 97 36
foa -93 83
at 126 -106
qra 3
ap -18 S1qt1MFB 124
qcs
qcs
mr 94 -112 -24
att -65 -103 140
qra -86
qtav 131 -35
doa 65 -128
qci 53 -34
qba 35
ap -24 MlUpQa1 169
ar -51 -65 64
coa -8 -115 BfxS3SONO
ca -51 -78 34 ZJDp9
qcs
ap 125 t 41
qtav 94 74
qbc -9
coa 60 37 jNhfanUxhm
mr -65 -51 92
qbc 64
qba 97
qbc -92
mr 94 -112 -110
qcs
qra -127
ar -18 -114 180
qba 31
qtav -93 -131
mr -51 35 -159
ca -51 -78 -130 PF
doa -34 -78
qba -32
qv 35 31
qcs
coa -112 70 ofU
qci -103 -51
qba 133
at 35 -46
ar 131 65 46
mr -71 -93 -30
ap 111 ylnFwP8b 83
at -24 -107
qtvs 126 -148
att -103 94 -137
qts
att 90 -112 82
ar -103 -138 184
ap -109 8F 143
qcs
qtav 65 54
ar 111 -24 89
qsp 133 118
foa 131 -100
ca -32 -61 136 uE3EjjZT
mr -93 -65 -70
ar 111 -133 119
ap 61 YY3BTQcsp 196
qtvs 10 72
at 60 51
qbc 83
qtav 131 -35
at -138 -51
da -32 -61 136
ap -55 TIiRoz6 51
qbc 64
ar 131 -32 27
dft -103 94 -137
ar -138 97 79
qra -140
qci 90 118
qtav -138 -51
doa 60 83
att -45 94 74
qsp 53 65
at 125 -53
qba 65
qtvs 133 -145
qsp 111 111
qsp 65 -113
qba -24
qcs
dft -45 94 74
qra -22
at -55 -104
ap -83 lZ5E 5
foa 128 -61
qtvs 31 32
at 92 -23
att -51 94 74
qtvs 94 -62
doa -8 -115
qsp 53 -51
qci -112 -109
ca -34 -92 -80 WM
qba -114
qtvs -112 82
da -34 -92 -80
mr -140 118 -125
att -71 -93 -131
ar -140 -86 20
mr -93 -71 70
qcs
dft -51 94 74
ca -34 -92 17 us
qv 118 -93
doa -34 -9
qsp 94 90
at 35 -146
qsp 56 56
qts
qsp 118 -34
at 31 -96
qtvs -55 -104
ca -45 61 -37 9WpLMF
qci 111 -22
mr 131 94 -11
qba 92
dt 92 -23
ap -61 SKPz0xPUs7 133
dt -93 -131
qtav 65 54
foa -24 -92
qv 60 131
qtav 31 -96
qsp -32 31
mr 94 -65 6
ca -32 -61 -71 Wj6
at -127 112
at 116 -131
foa -103 -106
mr 131 97 -150
ar -61 -24 45
coa -65 -81 g7tlSYQY
qtav -55 -104
qsp -109 -109
doa 60 37
qtvs 10 72
qsp 111 111
qsp -18 -114
mr 111 -133 -185
ap 81 ydK6CY3az 45
qsp 61 61
qbc -100
qci -18 -34
qv 92 -103
mr -24 -61 173
foa -109 -106
ap -3 MBvD 30
ap 108 JTD 98
foa 126 61
qtav -55 -104
qra 131
coa 53 -131 Iel95wLf
qbc -25
qra -61
ca -32 -25 53 fjI5BUz
ap -139 dAGtFcvCS 157
qsp 128 128
doa -65 -81
qts
ar -3 3 136
qtav 116 0
mr 60 131 -189
qsp 126 133
qra 35
coa 56 81 Ge
da -32 -25 53
at 133 -53
coa -86 -24 XN1Q9UCuF4
dft 90 126 -26
at 133 -29
qci 3 56
qv -86 -140
ap -78 qtZE3Pp 64
ap 52 Zar 128
qtvs -55 -104
att 131 65 54
qtav 133 -29
qba -3
qcs
ap -6 YsPS 176
qcs
da -45 61 -37
ar 125 53 7
at 126 130
mr -18 -114 190
mr 118 131 -57
ar 52 -93 105
da -34 -92 17
qts
qci 35 10
qtav 65 54
doa -32 -61
qci 61 31
at -139 -126
doa -45 61
qci 3 133
att -65 116 -131
mr 90 126 18
qtav 94 -111
mr 126 90 65
foa -113 81
att -93 133 20
att -112 90 63
qtvs -139 -126
coa 53 -87 CUIoZjZ
qsp -133 -133
ap -143 EUg0Cq8F 30
ca -86 -24 130 5
qra -143
qtav 31 32
qv -140 -86
qtvs 131 -35
att -140 118 -114
qtvs -103 140
qba 116
ap 20 r3NCoV8 183
qts
att 35 31 -96
coa 111 -65 j
qci 31 -55
ap 37 G 142
doa -112 70
qv -138 -103
mr 94 -138 39
at 97 111
foa 37 -92
qtav -139 -126
ar 53 35 17
qsp 35 125
ca -109 -106 -25 UHmFK
da -86 -24 130
qsp -22 -22
qsp -133 -133
qcs
qci 125 125
dt -139 -126
qtvs -103 140
qv 125 53
dft -65 -103 140
da -34 -106 -25
qtav -24 -107
qv 118 -34
dt -138 -51
ar -45 128 17
ar 108 -78 15
ca -32 -25 -126 Eu5X
doa -32 -25
doa 53 -87
qtav -24 -107
foa -65 81
qba 90
doa -45 -123
foa 53 81
qci -133 -55
qra 65
mr 126 90 -161
qba -51
foa -78 -106
ar 90 65 182
qci -22 56
at 94 100
doa 56 81
coa 20 -21 qtbUssQS
att 31 94 -111
qtav 128 106
qtav 133 20
qbc -106
qv 126 94
mr 60 -45 -142
qci -34 -140
qv -114 -18
dft 131 118 -114
qtav 116 -131
at -140 -68
qcs
qtvs 35 -146
qsp -139 -139
qsp 92 -113
ar 108 -24 164
qra 53
qba -65
qbc -65
qci -51 94
ar -3 20 67
qba -71
qba 126
coa -143 -103 jb7vYJwgA
att 65 90 63
qcs
qra -93
ca 3 64 -32 UtD7dRnc2
coa -93 63 7mzSoGBAi3
qci 92 128
qbc -92
qbc -106
qv -61 -24
ar -139 53 3
doa 53 -131
qv 65 90
qv 94 -45
dt -55 -104
att -93 118 -114
ca 111 -65 -30 M1XDTq
ar -113 -71 55
ap 12 Fxh 137
qci -103 -109
da 3 64 -32
ar -83 65 125
qv 118 -34
ar -18 -32 166
ar -139 -133 150
ca 111 -65 148 Dm
ap 136 CLK8Lj7GV9 139
dt 35 -46
qsp 65 31
qv 111 -24
qcs
qba -18
doa -34 -92
qtav 118 -114
doa -143 -103
coa 125 111 M0
qsp -24 -24
qv 131 94
ap -31 QDSeKb8d4f 120
ar -61 10 138
doa 3 64
qtav -140 -68
foa 65 -106
ca 111 -65 23 4YSwKpL6
da 111 -65 23
qtav 131 -35
ca 10 -100 118 d
ar -32 -24 115
mr 94 -103 -183
mr 116 -65 -59
ar -86 -139 146
qba 65
doa -34 -106
qtav 97 111
ca 131 -100 94 SW5jfuRCWV
qcs
qtav -24 -107
ca 111 -65 -21 uXdAAdidj2
coa -3 40 nVF2mwnFc
dt 125 -53
da 111 -65 148
coa 126 -128 8Mdq
foa -45 111
ar -32 126 53
qsp -86 97
qci 61 -61
foa -51 -128
qci -18 52
dt 131 -35
da 111 -65 -21
ar -71 -32 123
coa -45 -135 PtA
mr -3 3 187
qtav 128 106
doa 111 -65
qtvs 126 -148
foa -127 -128
qba 128
qba 52
qv -51 -65
qra -109
qsp 56 56
qts
qsp -138 -140
ar 65 -93 92
qtav 94 100
att -113 126 -26
qbc 111
at -31 145
at -140 -59
qbc 111
qci -138 -31
dft -93 118 -114
dt 118 -114
qra -22
dft 131 65 54
qv 3 -3
ap -88 USgK98n 81
mr 10 -61 -126
dft -65 94 -137
qra 10
qtvs 65 54
doa 125 111
qba -83
dft -51 94 -137
ca -45 -135 66 d9zlNlaMo
qci -8 61
mr -139 -133 19
ar -139 -71 144
coa -32 -144 48erP
da 10 -100 94
at 128 -49
qcs
qsp 60 -112
qba 52
da 10 -100 118
coa -93 -149 miky3NP
qtav 94 -137
dft -65 116 -131
qra -83
qsp 118 60
coa 10 58 DS
dft -45 94 -62
qsp 53 90
ca -3 40 -21 W4cs
ap -73 LST2WYdXt 13
qtvs 31 32
mr 111 -24 -156
foa -83 -24
qba -140
qv 92 -103
qtvs -140 -68
da -3 40 -21
qts
coa -143 105 rQi
coa -133 -88 Jp
coa -18 77 e0IPtdE
att -51 94 -137
dt 126 130
qtvs 35 -146
qcs
ca -127 -128 108 Bs
qra 31
doa -143 105
ar 15 -133 16
qba -93
dft -113 126 -26
qtvs -24 -107
mr 118 90 -15
coa -139 12 e5WdF1L
qsp 65 10
qtvs -31 145
foa -24 -21
att -93 -71 -66
at -78 -44
ar -103 116 66
qtvs 116 -131
dft -93 133 20
doa -86 -24
doa -133 -88
dt -24 -107
dft -112 90 63
doa -45 -135
qsp 37 37
ar 92 65 33
da 126 -128 108
ar -18 10 4
qsp -24 -65
mr -139 53 -32
qsp 56 56
dft -51 94 -137
foa 65 77
qba 92
doa -32 -144
at -138 8
ar -32 -113 171
qts
qba 126
qtvs -112 82
qtvs 65 54
qv -103 -138
ca -24 -21 117 23Jkx6B
foa -138 63
doa -18 77
ap -116 Mmn9 136
ar 136 -86 40
doa -3 40
at 81 -16
dft 65 90 63
qsp 131 10
qtav 10 72
da 20 -21 117
qsp -112 108
qcs
qba -103
qtvs 81 -16
at -143 -73
qra -61
foa 133 -100
qcs
ap -39 XIqBY 165
dft 31 94 -111
qtav 31 -96
coa -86 -12 1Pq
qba -138
dt -127 112
qtav 10 72
qtav -31 145
qsp -103 90
ap 32 mMh 83
foa 116 63
at 97 -19
qtvs -143 -73
qcs
ar -51 61 151
qbc 12
dt 116 -131
qts
mr 92 65 -29
qv -86 -139
qv -32 15
qcs
qba -61
at -61 32
qsp 97 -51
qbc -21
foa -32 -149
foa 61 -12
mr 65 90 -100
ca 116 63 87 ysP2ET6ooe
qra -73
at -127 39
dt 60 51
qci -65 60
ar 136 -112 90
qsp 3 -3
foa 61 -100
qci -133 131
att -138 97 -19
dft 90 -112 82
da -93 63 87
ap -20 OE 186
coa -61 -123 DBmnP
qtav 10 72
ar -45 90 183
ar 108 81 84
qci 10 65
doa -61 -123
qts
qbc -21
at 32 -115
qtav 116 0
qts
qra 32
qbc 58
ca 126 -128 -35 C5u8nfmH
qra 53
ar -8 94 98
ar 118 -113 179
qtvs -61 32
mr 65 92 -59
qra -32
ap 101 veiGk 98
ar -139 65 129
qsp -140 -32
foa -39 58
qtav 65 54
foa 125 12
qba -78
mr 118 -140 122
qv -133 -139
ap 112 8zq0vR 91
qra -133
qsp 112 112
mr -51 53 -77
qba 136
qcs
qci 133 -65
da 126 -128 -35
qbc -100
qv 131 -32
qbc -100
qba 128
coa -65 -121 LgsdRJ9
qtvs -61 32
at 92 58
qbc 58
ar -65 37 191
qtvs 81 -16
foa -6 12
foa -24 -121
qtav 81 -16
qcs
qtvs 92 58
ar -31 -65 127
coa 108 48 ljpqtM4
ap 22 E 13
ap -137 N 23
qtvs 35 -146
mr 90 118 49
qra -61
ar -31 20 14
qtvs 65 54
qci -73 61
foa 35 12
qra -133
qv -45 128
qra 112
att 131 65 54
ca 10 -100 122 gpfGQrjqO
ar -8 -71 75
dft 35 31 -96
qra 20
foa -127 48
foa 136 48
da 10 -100 122
doa -139 12
mr -24 -61 -81
qtav -138 8
qts
qci 128 -83
qtav -71 -66
qbc -100
qsp -113 128
qbc 63
ca 61 -12 -2 6vVNv
dft 131 65 54
qcs
qba 35
da -86 -12 -2
qba 37
qtav -143 -73
ar 81 125 182
ar 32 97 158
at 31 -109
doa 20 -21
qra 52
mr -139 -86 -149
ap 88 rvU 165
at -31 147
att 97 32 -115
dt -61 32
at -18 -133
ap -68 qGahX 191
att 131 65 54
dft -138 97 -19
qtvs -138 8
coa 53 -133 SL8aPYM
ar -8 60 186
ar 56 -45 42
qsp -116 -116
qsp -114 61
at 88 120
qba 32
coa 90 -13 hd
qsp 128 10
mr 126 -113 -194
qra -34
att -112 90 63
qcs
qcs
ar -139 111 112
dft -112 90 63
foa 94 -121
qcs
at -116 143
qba -65
coa 118 89 yjyJu9OChs
qba -71
qbc -133
ap -117 aXCrp 155
at 108 18
ar 133 -116 176
at -8 89
qbc -128
qcs
qba 65
qra -8
qtav -112 82
at -31 -32
ap 48 ieUBLGuM 124
qba -24
qci -114 56
dft 97 32 -115
qsp 128 -32
qci 116 -20
qv -140 -86
qtav -116 143
qsp 32 -112
foa -45 58
at -93 131
coa 90 105 rrlvWDz
dft -93 -71 -66
mr 61 -51 116
qbc 89
qra 52
at -24 85
qv -3 3
dft 131 65 54
qsp -86 -93
qra 31
qtvs -24 85
att 94 -138 8
doa -93 63
qba -78
qtvs 32 -115
ca 126 -128 101 vzeJ9sETL
qci -116 -22
qci 56 -68
coa -45 -67 1NLECHAj8W
ca -65 -121 111 8
qci 37 -20
ca 118 89 130 PBcmIkFGy
ar 111 -73 158
qv -103 92
ar 65 -39 109
mr -93 65 -168
qra -31
coa 10 -137 WLmwS
qv -140 118
qba -65
coa -88 123 jaldWsD2n
qsp 65 108
att -103 -138 8
mr 61 -51 -190
foa 126 48
qtav -8 89
qcs
ca -65 -121 137 jgFM8noOpC
qba 35
coa -34 41 G0ENFrQ
da 118 89 130
at -68 74
mr -133 -139 86
ap -53 h6IJI 1
qsp -109 -109
qcs
foa 101 -149
qci -61 81
coa 92 -147 bsqgmA
qcs
coa 131 -107 Gr3bu3zL
ap -72 7Ah 158
qtvs 126 -106
qtav -127 39
qba -31
foa 94 58
at -18 -21
ar -109 -116 6
ar 81 -55 168
ar -116 101 23
att 94 -8 89
qbc -147
qba -139
qci -18 118
coa 125 75 G2VTJ6
qci 108 -39
qra 108
mr -113 -103 -85
ap -110 O6Ecuy 184
ar -110 -32 31
qv 20 -3
ar -114 125 189
qcs
dft 94 -8 89
coa 10 -37 mkB4ICWoOm
dft -103 -138 8
dt -138 8
at -139 -52
qsp -53 -53
mr -86 136 190
qcs
ap 121 5 150
coa -71 -20 ZguWP
ar 20 65 16
da 126 -128 101
qcs
da -65 -121 137
mr -138 -34 50
doa 125 75
da -65 -121 111
qba -31
ca 10 -137 -49 yibvnKNTw
qci 112 -72
qtvs -139 -52
foa 56 -37
coa 81 -109 Xg1ec
ar -114 -20 150
da 10 -137 -49
qsp -143 -143
mr -113 -45 -9
ar 60 -143 182
mr -32 131 -187
ap 2 jqL 47
ap -118 Z 66
ca 92 -147 23 gx7W3i3DWZ
qci 22 -109
ca -45 -67 104 WpTYG96
da -45 -67 104
qra 31
ar -110 -112 177
qsp -78 20
mr 15 -32 18
ca 10 -137 -23 RivNA5wM
coa -143 -62 BOPUA0L
ar 116 -109 118
qba -114
qtav -78 -44
coa -34 145 w1TzNp13z
qba 20
coa -61 -132 YdKrt1fpt
qtvs 88 120
at -110 4
at 52 60
qts
ap 70 fRbll 143
qtvs -110 4
coa -88 -22 eWrOLk2P
at -53 -14
qba 92
qcs
att 31 94 -111
qba -140
qba -110
ap -40 3jM6V 36
ca 10 -37 109 6wH
qcs
at -127 -120
ap -10 Ca 12
ap -30 9y 147
qba 133
qba -45
qba 56
coa 112 -114 CQoK5xSg
qv -114 125
qtav -68 74
qtav -103 140
at -143 22
qtvs 35 -146
qtvs 133 -53
foa -6 145
qts
qts
mr -65 -103 1
qsp -30 -30
foa -53 123
qba 92
qtvs 97 111
qtvs 97 111
qci 53 -22
qsp -34 -112
ar -116 -83 165
coa -51 79 YFbvSTA
qcs
ar -20 -73 178
coa 92 65 u20QexAUl
att -93 52 60
doa -143 -62
qci -31 -8
dft 31 94 -111
qcs
ca -34 145 -107 AJJzM0c9
mr -32 -18 -6
da -34 145 -107
mr 60 -113 -144
qsp 10 -39
at -53 106
qtav -18 -133
coa 121 102 cAulVzP3O
qcs
qsp 118 108
foa -30 -137
mr -116 101 15
ap 127 EIDkZRHR 42
qba -73
qtvs 10 72
ap -48 v9uRZ 15
qtvs -71 -66
ca -51 79 41 TTbwVAJS
doa -34 41
qts
qci -45 -3
foa 32 -37
qci -20 -30
ca 92 -147 -147 Rj
qtav 81 -16
qci -61 108
dft -93 52 60
doa -93 -149
qci -3 -78
coa 3 150 NPXlM2
dt 133 20
coa -61 -41 wUYQ5MPyi
ar -140 -40 11
qcs
qtvs -116 143
at -133 58
qcs
qci -61 -73
qcs
ar -34 -65 124
ca 3 150 -4 wjOpLQB
qcs
qsp -18 -20
coa -10 44 NtoHjvc5x
at 3 -43
qcs
qra -20
qba -31
qsp -143 52
att -8 94 -137
at 22 -104
qsp -61 125
qcs
ar 52 -48 127
mr -114 125 85
ca -61 -41 -20 B3r2lr3
qsp 111 -93
qra -31
qra -103
qcs
ca -127 -128 19 k8LblD
qcs
qba -24
qtav 65 54
da 10 -37 109
qsp -65 56
qsp -133 133
da -51 79 41
qsp -113 92
qsp -116 108
qra -88
qba 37
ca 131 -107 -86 Yn4swcw
coa 116 62 a
foa -22 145
dft -8 94 -137
dt -18 -133
qts
foa 126 58
att -65 94 -137
ar 10 -45 171
ap -120 kie 4
qsp 48 48
da 131 -107 -86
qtvs 81 -16
ap -60 jn 143
da -61 -41 -20
qtvs -68 74
att -51 94 -62
qtav 31 -109
qsp 37 -45
qtvs -18 -21
doa -10 44
ca 112 -114 -43 QyIXFPwZ
at -30 73
qba 133
qba -61
qtvs -139 -52
qtav -68 74
at -118 -107
qtvs 94 -111
da 3 150 -4
foa 88 -67
qbc 150
coa 112 -140 GVxX8sVX3
qsp -39 -8
mr 90 118 -165
qtvs -103 140
dt -68 74
qci -60 -140
qra -93
qba -140
qv 94 31
qtav -112 82
ap 66 KXkC 71
dft -51 94 -62
qsp 22 22
at 101 -49
coa -143 3 vGX2
ar -139 -117 148
ap 8 AP4Tk 102
ar -65 108 49
qsp 12 12
qcs
coa -45 -101 K9iZ
qtav 116 0
qra -86
qbc -12
qts
att -45 90 63
qsp 70 70
qv 90 118
qcs
foa 3 58
qra -6
mr 35 53 83
qbc 62
mr 31 35 -120
qra 133
ar 88 -109 197
at 61 -109
da 10 -137 -23
ar -8 -120 186
att -45 94 -111
qcs
ar -53 -30 122
qtvs 88 120
mr 118 -45 194
mr 65 131 -80
qci 90 -113
qtav 133 -53
mr -109 -116 -110
foa -116 -67
da 112 -114 -43
ap -70 ja 183
doa 116 62
da 92 -147 -147
mr 53 125 -57
ca 56 -37 -136 N
qba -113
att -138 94 100
qv 3 -3
att 20 -31 147
doa -45 -101
qtav -133 58
qsp -78 -34
ar 3 127 145
dft -138 94 100
qtav 92 58
ap 4 miSD 108
qtvs 90 63
qv 10 -45
qcs
qsp 48 48
qtvs 126 -26
at -8 -44
qci 92 -110
qts
qba 92
da 92 -147 23
foa 92 -133
qcs
qtvs -24 85
foa -24 -137
mr -65 108 -166
at -78 -72
att -71 -93 131
qv 133 -116
ca 133 -100 -91 HEgNL
qra 97
foa 101 -12
qcs
ap -26 ZCqmlewGnh 89
qv -34 -138
mr -55 81 28
qci 35 97
qci 66 -83
ap -131 Ct 101
mr 56 -45 58
at 127 -67
qsp -65 -86
qcs
qtav 126 -148
coa 56 120 g
ap 93 qjziXMdi5 105
qtvs 3 -43
ap 54 p1q 79
qv 126 -32
dft -45 94 -111
dft 20 -31 147
att -103 92 58
att 118 -93 131
att 118 -140 -68
ap 36 rszF 153
qsp -51 10
qci 56 -39
qba -30
qsp -18 -103
qtvs 22 -104
mr -8 60 -194
qra -127
qbc 89
qtvs 92 58
att -65 -31 145
coa 65 -17 VWEUj
qv -143 60
at -140 -85
mr -45 10 -101
ar -60 -32 155
qba 53
qba 31
da 126 -128 19
da 10 -37 -136
qv -116 101
att 20 65 54
ap -69 ycKdYkm 75
ap -14 MU 80
coa 35 -97 v17O
ca -53 123 33 y
mr -71 -113 -112
dft 118 -93 131
qci -78 66
dft -103 92 58
qsp -30 -30
qci 90 65
foa -51 -97
doa -65 -121
qts
qcs
ar -24 -34 12
ap -84 L2 50
qtvs 101 -49
qra -114
da 10 -100 -91
mr -103 -138 -82
mr -113 118 172
foa -139 3
qci -117 -139
dt 94 74
qba 127
dft 118 -140 -68
qbc 120
at 125 -140
qci 116 36
qba -51
qci -31 -6
att -8 94 -62
foa -39 -147
ap 1 g 11
ar 22 60 35
foa -73 -41
qtvs -53 -14
doa 118 89
qsp -143 92
qci 52 3
dt 116 0
qbc -37
ap 76 CryD 133
qci 2 -53
qv -110 -32
dft -65 94 -137
att -3 3 -43
dft -65 -31 145
coa -103 68 n7GtJB5aa
qci -22 10
qbc -41
qv -139 111
foa -112 -17
qv -24 -32
at -30 -78
foa -117 -114
coa 125 -116 3h
coa -10 -63 PmaEw0mR
qtav 126 -26
qba 118
dt -103 140
qci -31 -93
qsp 131 126
qbc -109
ca 56 120 -98 JWzc
qra 127
qba 116
ap 50 aPug 126
at 52 -112
qbc -140
qba -110
qsp -110 60
qcs
qba -113
mr -138 94 -25
ca 112 -140 -17 BKzpvJY0
qts
qsp 94 -24
att -93 133 -29
ap 6 gOlZM7u 163
qts
qtav 81 -16
ca -61 -132 4 z
qsp 101 -116
foa 136 -20
qsp 1 1
qra -8
qbc -128
mr -65 -34 177
da -88 123 33
coa -78 -150 5YGqs
coa -31 81 0bZGtxSiO
ca -31 81 -18 oUa
qsp -118 -118
qcs
qv 118 131
ca 101 -12 121 bbYoCEO
qts
qtav -30 -78
qci -26 -93
da -86 -12 121
foa 125 -22
att -51 94 -62
da 112 -140 -17
da -61 -132 4
coa -14 107 Yhx
ap 41 D1 122
qba 111
qsp -51 94
dt 22 -104
qci -20 76
att -39 65 54
qv -133 15
qcs
qtav 81 -16
qtvs 52 -112
dt -110 4
qv -61 -24
qv -116 101
ca -116 -67 -89 5nqnK6PV1
coa 133 -135 Pk
foa -84 -41
mr -114 -20 199
ap -101 QoSL 58
qra 136
qv 90 -51
qsp -113 52
doa 3 150
qba 35
qra 41
qtav -140 -68
at 108 -51
qtav -30 -78
at -127 -130
qba -31
coa 41 -88 Vrch9c
ca 32 -37 -67 dyos5Ey
qcs
qci -60 -116
qts
at -127 -1
ar -88 -18 191
ar -68 126 28
ar 97 -34 96
att -78 108 -51
qsp -68 -48
ca -61 -132 51 cjF48j
ar 50 -71 184
qba 52
ar -71 -83 1
att -139 -133 58
dft 20 65 54
qv 118 -45
ap 140 JrosS 7
ar -116 116 106
ap 28 lSPPsA7 134
qra -113
qtvs -127 -130
att -112 90 63
ar 41 -14 69
qra 127
qsp 94 -110
qci -45 -72
doa -78 -150
qbc 68
qra -6
dft -139 -133 58
ar 93 -39 183
qsp -110 -51
foa -109 -100
att -45 128 106
da 56 120 -98
dft -45 128 106
qcs
qv 136 -86
qtvs -143 -73
foa -69 -128
qcs
att 94 -8 89
qcs
ar 94 52 123
qsp -114 -61
att -116 133 -53
foa -34 -133
qts
coa -120 -89 j
ap 24 d5s0 144
mr -140 -86 51
qtvs -24 85
qcs
qba 10
ca -61 -132 -54 lDl
qv -113 118
qra 108
da -61 -132 -54
at 10 -36
qci 24 -140
ca 112 -140 101 h6US2i
ap 129 XDnZV 124
ar -118 -24 144
dt 90 63
ap -135 iiZcxUM4z 71
coa 93 -90 xX14w
da -45 -67 -89
ar 140 -73 109
qsp 108 136
qci 116 66
qtav 32 -115
qv -78 108
qba -93
qbc -133
foa 65 58
doa 10 58
foa -18 102
qcs
dft -39 65 54
qtav 108 -51
qci 94 -14
at 111 57
ap -19 llYgoh 196
att 52 94 -111
coa 88 11 hrR
qcs
qtvs 125 -140
qts
qbc 65
ca -51 -97 142 sqKxMA6g
coa -133 -2 WLNq7
foa 126 -100
att -45 94 100
qbc -128
qcs
coa -84 -33 jvHvN
dt -8 89
at -31 -61
qra 65
qsp 24 24
qra -61
mr -71 50 177
ca 65 -17 13 vHWscQ6
qts
qci 90 28
dft -116 133 -53
qtvs 81 -16
mr 15 -32 -40
qtav 32 -115
da -61 -132 51
da -31 81 -18
at -34 -88
ar 126 -53 74
foa 126 -137
qtvs -53 106
qv -139 -71
qsp -8 108
coa 116 -120 xXcH8D4Q3t
doa -31 81
ar 118 -69 86
att -48 52 60
dft -51 94 -62
qbc -97
qtav 32 -115
qv -71 -32
qtvs 52 60
ap -59 FHquTD 137
qcs
qsp -6 -6
qv -88 -18
qba 88
ca 56 120 88 Ec
coa 60 -34 1iJ
qba 15
mr -140 -86 44
mr 108 -24 -155
att -138 94 100
dft -48 52 60
ap -97 zSLNKV 23
ap 45 L5 1
ar -59 -8 26
mr -45 90 47
foa 1 -67
att 118 -140 -85
qcs
att 65 -139 -52
qv -8 -71
mr -65 -31 14
mr -73 -20 184
qtav 111 57
mr -20 -73 -120
dft 118 -140 -85
ap 132 Ov4Fxb 180
qci -70 -22
qbc -107
mr 65 -139 135
qsp -3 -24
ar -84 -3 184
dt -133 58
mr -83 -71 -77
foa -26 3
dt -30 -78
qv 97 32
qtav -116 143
qtav -112 82
qra 112
ap 72 XG5tM 142
qsp -138 88
dft -93 133 -29
qba 32
at -39 86
da 35 -97 142
doa 88 11
ar -51 125 164
qtvs 32 -115
ar 70 -135 143
qv 52 -93
qsp -32 -138
qv -34 -24
qsp 22 -61
qcs
at 35 30
qsp -113 133
qci -31 -140
ar 88 24 94
ca -30 -137 74 0j3Lwv5G9
mr 90 65 -96
qtvs 52 -112
ar -26 -72 181
coa 2 -127 y
dt 81 -16
qtav 127 -67
ar 56 -109 67
at 48 81
ap 99 3qsQ7f5GH 44
da 56 120 88
qcs
coa 24 -77 G
qsp -55 -117
dft -138 94 100
ar -31 101 6
att 81 108 18
coa 22 100 ZyAIY0mU
doa 125 -116
qra 24
ca 108 48 -83 WBNK2P1
foa 101 -63
foa 6 68
ca -133 -2 -20 o
coa -39 76 oR6bE3guy6
at 94 -49
ap -41 FW8LMyx 16
foa 101 -20
qci -135 -71
coa 10 -111 XGRXT4
doa 53 -133
ap 67 uu 69
qra -86
qtav -140 -85
mr 10 -18 166
qra 2
qsp 93 -8
qtvs 125 -140
qsp 131 111
qci 121 1
qci 53 108
qci 22 66
qv -73 140
dft -71 -93 131
qtav -39 86
qtav -127 -120
dft -78 108 -51
qtvs 52 -112
qra 118
qbc -33
dt -127 -120
qsp -88 15
da 112 -140 101
qsp 125 -68
dt -71 -66
foa -8 -100
ca 6 68 -133 X
qba 15
ap -57 a6gwzp0nQ 114
qtvs -127 -1
qcs
att 65 -39 86
ap 64 de96ODrQd 86
att 52 94 -137
ar 129 -103 68
ap 47 DI 51
qba -103
qv -138 -103
ar -19 131 153
qsp 32 -138
qcs
qcs
qbc 68
qci -34 133
ap 40 c 92
ar -88 52 168
qtvs 3 -43
dt -31 147
qci -139 53
dft -3 3 -43
att -65 94 -137
qsp -65 116
ap -1 i4VQA 155
ar -71 -48 165
qts
qsp 12 12
qtav 111 57
at -112 -61
ap -95 a6W 30
qts
qv 118 -140
qtav -30 73
qci -109 129
qcs
att -18 10 72
mr -60 -32 91
qci -57 -26
ca -127 -128 42 2w6kGFf
qsp 20 -71
at 72 -79
qra -93
qsp 12 12
da 10 -37 -67
ap 142 iCwoNnRY 166
foa -48 120
ap 74 zu 196
qci -93 140
da 65 -17 13
ca -120 -89 145 ub
qra -19
mr 65 -139 163
qtvs 101 -49
qtvs -118 -107
qra 92
qtvs 108 -51
qv -45 10
coa -31 -73 x8m5lkr
mr -51 -65 -132
qtvs 52 -112
qcs
qsp 76 76
qba -120
at 116 75
ar -116 -117 182
ca -51 79 -25 bcBCCu
qsp 133 97
qsp -31 94
qv -65 -103
at 101 -76
ap -134 kxWeQlpu8r 83
foa -70 -127
coa -97 93 cM
ca 116 -120 -145 uuAA
doa -86 -12
dft -45 94 100
coa 65 144 m6dngMr2
ar 94 -72 162
mr -71 -32 196
ar 111 -113 93
qra -6
att -65 -34 -88
ar -30 31 159
qbc -100
qbc -132
qtav 133 -29
qtvs -143 22
at 70 -60
mr 94 -8 48
at 99 -25
ap -15 A 195
qba 126
qtvs -31 -61
att -8 94 -111
dt 99 -25
qcs
qtav -143 22
qtvs -31 145
qbc -63
at 15 -58
qtav -24 85
qsp -22 -22
da -51 79 -25
qts
ca -61 -41 109 9CoAOLx4
att -88 52 60
doa 133 -135
qba -18
doa 65 144
qts
mr -60 -32 147
ca -39 76 -45 jWHliE0v
ar -45 -1 22
qsp -19 111
dft 65 -139 -52
qsp 142 142
qsp -88 -143
da -39 76 -45
qci -18 97
qcs
foa -138 -107
qsp -114 127
ap 144 VV2Xcf0Mz 174
qsp -10 -10
foa -45 102
ar 40 66 58
coa -20 -113 UKT
doa 121 102
qci -14 8
doa -133 -2
qci -41 81
at 52 63
doa 108 48
qtvs 101 -49
mr -45 90 -1
att 108 -78 -44
qtav 35 -146
doa 81 -109
ca -143 3 -23 1GUm89NdZq
att -24 -118 -107
qv 88 -109
qtav -18 -21
coa -103 -102 TBP
ca -14 107 24 StmvTueP9
qtav -139 -52
ar 65 -120 45
qba 56
att -72 94 -137
mr 140 -73 177
ap -128 nKMN 73
qra -109
ap 107 Lug3Rg0YLJ 138
foa -57 -77
at 67 147
qtvs 52 60
qci 136 -93
qba 92
coa 74 -38 RIH7
qtvs 97 111
coa 126 -21 LNo
qv 35 31
qsp 47 47
mr 125 -114 111
qcs
ap -91 cqe 68
ap -13 CaAHTC 179
att -93 133 -145
qba -140
qtvs 10 72
qsp 47 47
qsp -3 -69
mr -19 131 -80
qba 52
att -65 -31 -61
qsp -109 -3
mr -93 -71 -2
att 101 -116 143
qts
at 45 -94
ar -20 -6 86
dt 45 -94
mr -71 -139 33
qv -139 -117
qtvs -112 -61
qtvs 88 120
qcs
qv 94 -45
qba -69
ar 126 -19 146
qv -116 133
ar -118 -51 142
ar -22 -133 126
ap -90 iNjKzSccDC 184
mr -31 101 -43
qv 133 -93
qtav 52 60
qbc -111
qci 126 -1
mr 126 -19 95
mr -78 108 40
da 116 -120 -145
ap 18 ntZlNTID 1
ar 70 -13 64
qtvs 61 -109
qtav 61 -109
at -34 65
qra -88
qsp -131 -131
dft -65 -31 -61
dt 108 18
qsp -68 93
qsp 76 76
qra -118
dft -18 10 72
dft -93 133 -145
qci -78 -120
qbc -41
qtvs -93 131
ar 74 118 64
mr -45 128 187
dft -88 52 60
qba -8
qbc -102
qcs
ar -110 31 158
att 97 -34 65
ap -124 Set3s9oS 161
qci 81 -30
qv 94 -72
ca 126 -21 82 wdwj5Wbe
foa -103 -89
ar -8 3 87
doa 90 -13
qsp -59 -88
att 94 126 -26
dft 97 -34 65
foa -116 107
qra 4
ca -84 -33 71 RszB4ARUU7
att -65 -31 -32
at -103 5
qtvs -93 131
foa -127 -38
qsp 37 -1
ar -24 31 107
qtvs -93 131
qcs
qcs
ar 36 -26 161
qts
foa -131 -97
dt 67 147
att -8 94 -137
da -14 107 24
ca 60 -34 83 N3JHie5
ar 15 -113 186
qsp 93 -114
qbc 65
da -84 -33 71
qbc -90
at -69 -78
dft -8 94 -137
coa 6 -79 RAz
ar 131 -135 152
qcs
qci 94 -1
att 94 52 -112
qba -69
qtav -69 -78
ap -2 uILK9qmj 130
mr 97 32 80
doa 56 120
qcs
qts
doa 74 -38
coa 72 36 YmPy
at -91 111
qsp -114 74
foa -131 -107
mr -113 -32 42
at -53 -17
qbc -90
qsp 126 -138
at 93 11
mr -45 10 148
qv -73 -20
foa -48 -113
mr 31 35 -188
mr -93 -71 144
coa -128 111 NxhOz9jmwp
qsp 41 -14
da 10 -137 74
qba -113
qci -10 -78
qv -3 -84
coa 65 -148 2V
dt -112 82
qcs
coa 121 -5 lnTgY
qtvs -118 -107
qra 127
at -103 65
ap -87 rS 3
mr -68 126 58
coa -6 14 06jjoUaiz
qci 88 -138
qtav 48 81
qv -65 -51
ar -71 112 42
dft -65 -31 -32
qbc -127
qts
qtav 48 81
doa -39 76
ap 115 W3G 122
att 31 -24 85
qci 112 66
foa 37 -120
ap -96 p 68
ca 65 -148 133 UwXScMOW
qsp 116 -6
at -124 115
coa 20 -115 fM
ar -45 -51 85
qci -26 -137
ar 128 92 107
att -65 -34 65
at -57 131
coa -40 -103 1scu1C
ca 41 -88 -111 3gneOKf2vu
qci 48 -86
qtvs 48 81
ap 71 a 156
at 15 80
ar 6 126 145
ar -103 -128 39
ca -73 -41 106 A5ejd
qcs
att -128 -103 65
qba -65
qra 101
qtvs 70 -60
at -109 -10
qtav 32 -115
qba -113
qtav 72 -79
qtvs -124 115
qtav 111 57
at 97 56
ap 11 VbWPQ8 9
qv 116 -109
ar 126 -110 79
coa 115 124 j
qv 131 118
qsp -68 -116
at 8 72
qsp -39 -110
qra -127
qsp -65 -32
mr -72 -26 -96
qtav 48 81
qtav 15 80
mr -114 125 -90
qra -87
mr -71 -48 -71
qsp -138 -138
qci -96 -48
ar 8 48 50
ap -85 SR 90
coa -6 35 MyFAe6jXL
qts
ar 48 50 86
coa 72 -101 J
da -61 -41 109
dt -103 5
qv -83 65
qv -116 133
ap 122 tU 175
ca -53 123 11 fpdN
qbc 145
qci 116 127
ca -6 35 134 8kMr
qtvs 92 58
qsp 93 -72
qtvs 133 -29
qra 127
ca 41 -88 -118 TuYc7i
ap -25 j2cCb 76
at -103 55
qbc 111
ap 134 viMCO 49
at 121 66
ca 6 -79 -110 I
qtvs 32 -115
dft -65 94 -137
qbc -107
ca -128 111 74 Y6SH1PU
ap 39 Ec 135
qbc -101
qra 22
qba -22
qtav 111 57
qtav -34 65
qci -1 50
qtvs -69 -78
qbc -115
qci 64 72
qci -120 97
ap -100 Uf8GMB6 5
ca -138 -107 -79 4xTO
foa -34 -77
qts
qra 99
qsp 99 99
att -110 -112 -61
coa -51 15 sz99Nqf
att -59 -8 -44
qsp 129 118
at -65 -134
ar 15 126 12
qci -1 35
doa -6 14
qv -61 -24
qsp 52 -34
qtvs 93 11
foa -140 -114
ap 23 gstXe6J 112
qra 122
qtvs 15 -58
ca -128 111 -74 LEueze
qts
qcs
dt -93 131
qba -88
mr -22 -133 -9
qcs
dt 72 -79
qra -31
coa 47 74 zPf
qts
ar 65 -13 185
qba 66
dft -72 94 -137
qsp -71 -30
foa 52 -21
qv -65 -31
at -140 74
ca 115 124 65 08lfDn8
foa 10 145
qtav -34 -88
doa 126 -128
qba -6
att -51 94 -49
qcs
at 128 60
qcs
qcs
qsp -19 111
att -48 52 -112
qbc -147
ap 98 bKvvellN 76
qts
dt -8 -44
foa -138 124
at 125 125
qcs
ar 22 129 99
at 22 -100
qtav -140 74
dft -48 52 -112
ca -138 -107 -125 1
ap -7 9mAKjs 29
ca 2 -127 121 yGaKQI
coa 12 -93 US5
mr 128 -45 122
mr 40 66 -148
foa -90 107
at -30 -9
qtvs 22 -100
dft -24 -118 -107
qba -84
qci -95 48
ap 79 B06RcmbQl 87
at 15 -90
qcs
ap 84 SWgCy 150
qsp 79 79
doa 6 -79
qci -15 15
qra 129
qsp -133 -113
qts
qtav 31 32
qtav 125 125
mr -13 70 -115
att -40 -140 -59
att 50 48 81
qsp -55 -72
qra 136
dft 52 94 -137
dft 94 126 -26
qci 128 -133
ca 10 -111 -132 HtvtwO0VZ
ap 78 dLm 65
ca 72 -101 129 Hw0
coa 90 -105 lCDs
qsp 142 142
da 72 -101 129
ca 93 -90 119 mtnjtzEmM
qsp 47 47
ap 106 leCgK 16
qcs
qtvs 126 -148
att -138 -103 55
da 41 -88 -118
qsp 128 -84
da -128 111 74
qci -114 -31
coa -53 115 ogbVBA
qtvs 61 -109
at 40 -51
ca 92 65 -113 rlo
qcs
qtvs -140 -68
ar 39 -14 110
ca -139 3 -55 2nO4Qf0
qtvs -24 85
dft -128 -103 65
qtav 125 -140
qcs
doa -34 145
qv -71 -93
ca 116 -120 111 AlutbqAd
qcs
qv -103 92
ap 26 NrEE 13
qtav 32 -115
att -45 10 -36
doa 126 -21
mr -18 10 -45
qts
qv 65 -139
qv -8 -120
qtav -127 39
qsp -88 -32
coa -7 -4 Q0VR8qENA
qba -140
qv -48 52
ar 132 26 70
dft -65 -34 65
ar -39 -68 4
mr 92 128 46
ar -124 37 121
qsp 107 107
foa -134 -90
coa -65 109 PR
ar 107 50 153
dft -138 -103 55
qci -34 -10
qcs
coa -117 -86 nUw
qtav -112 -61
ar 56 40 181
ar -120 36 84
dft 101 -116 143
qba 93
qra 10
da 131 -107 -79
ar -45 -83 28
qsp -40 129
mr -19 131 -68
at 48 -121
qcs
qv -93 133
at -109 30
mr -51 125 -134
at -65 -42
qts
qtav 133 -53
coa -18 18 mBW
foa 92 -111
ap 109 I 125
ap 145 yGjT 25
mr -51 -118 138
dft -51 94 -49
qsp -101 -101
ar 71 128 178
qsp 48 -55
da -6 35 134
qv 37 -124
ap 143 NMpNG06Ms 189
qcs
qtvs 88 120
mr -71 -48 -170
ca -57 -77 17 qKtGa
at 127 -49
ap 49 48 55
at -133 -111
dt -109 -10
qtav 128 -49
qts
qcs
qbc -103
coa 15 -74 0ijSKjFw
qts
doa 15 -74
dt -127 -1
qcs
qv 108 -24
ap 117 UR 176
qts
da -61 -41 106
qci -26 -59
qsp 50 -34
qsp 121 121
coa 132 40 qVGO2
qts
ap 87 v 17
qci -84 -71
att 94 126 -148
da -103 68 -133
qsp -68 -118
qra 112
qbc -88
qci 52 -2
doa 121 -5
coa 53 -6 V5
da 131 -107 -125
qra -116
da -143 3 -23
da 41 -88 -111
qtav -34 -88
qsp 8 22
ca 41 -88 6 oCC3do674
ap -150 DIpgjASc 7
qts
foa 106 40
qba 112
at 112 -31
coa 3 114 VuYDnn2emZ
qba 48
qci -61 -112
qbc -22
qtvs 127 -67
at 41 -61
ap 44 Q 56
mr -53 126 -159
qba 118
at 41 37
da 41 -88 6
qsp -101 -101
qtvs 111 57
qba 129
ca 10 -111 1 5
qv 10 -45
ap 100 dQaz5 32
coa -88 54 7EUmjvv
qsp 128 -45
coa 40 122 40rlebh
att -61 10 72
da 116 -120 111
dt -18 -21
qtvs 22 -100
qci 44 111
doa 40 122
qsp 132 132
qci 50 84
mr -45 56 86
ar 101 -70 158
ar -101 79 177
doa 20 -115
mr 52 -93 3
qtav -116 143
qv -78 108
att -34 97 111
qsp 20 -120
da 115 124 65
da -120 -89 145
qsp 134 134
qci -84 -85
qbc 124
qra -3
doa 10 -137
qci -139 15
coa -91 -129 Bd36RE73BV
doa -84 -33
qts
att -128 -103 65
ar -93 4 22
qbc -107
ca -73 -41 -40 Giz
qsp -39 -113
qsp 115 115
dft 94 126 -148
qtvs -78 -44
da 92 65 -113
qtvs 52 60
qba -51
mr -26 -72 177
ar 35 -7 74
doa 22 100
foa -133 -148
qbc 3
qcs
ca -103 68 -42 f0HjY26C
qra -39
foa 121 36
qra -150
foa 23 -89
qbc -97
ap -27 db0 49
mr 50 -71 -87
att 127 3 -43
doa -91 -129
ap 73 Hj 38
coa 92 -1 mdJu
qci -86 -31
qcs
doa -6 35
ap 96 BgI6e 21
ar 32 76 15
qsp -61 -139
ar -138 101 74
dt 3 -43
qra 134
ar -113 3 197
qsp -133 81
ar -6 107 101
coa 32 -38 5W0qrP3
ar 65 -45 72
ap -52 nxPLDvf 174
da 60 -34 83
qtvs -140 -59
da 10 -111 -132